TOTAL_GERAL=629317.2800
QTD_TITULOS=186
QTD_ALTA_PRIORIDADE=68
QTD_CREDORES=24
TICKET_MEDIO=3383.426236559139784946236559
MAIOR_OBRIGACAO=11292.42
TOTAL_2026=227817.2200
PERC_2026=36.20069355158974817916965509
REDUCAO_V1_V2=109597.9200
