TOTAL_GERAL=738915.20
QTD_TITULOS=210
QTD_ALTA_PRIORIDADE=92
QTD_CREDORES=26
TICKET_MEDIO=3518.643809523809523809523810
MAIOR_OBRIGACAO=11292.42
TOTAL_2026=332015.14
PERC_2026=44.93277983725331404740354509
